test/tiny/2011_002805.jpg
chair 176 231 269 336
chair 157 252 294 450
chair 69 228 154 334
chair 27 246 162 443
chair 298 240 374 315
diningtable 74 270 251 420
;
test/tiny/2010_004089.jpg
sheep 197 145 313 288
sheep 100 313 307 460
sheep 336 305 375 379
sheep 303 202 375 288
sheep 37 195 191 311
sheep 1 271 64 356
sheep 1 414 132 500
dog 225 105 295 150
dog 68 281 257 369
;
test/tiny/2010_001020.jpg
aeroplane 150 91 414 275
person 378 195 396 229
person 202 244 213 270
person 169 207 177 231
person 112 270 127 296
person 103 268 116 294
;
test/tiny/2009_003363.jpg
person 358 103 500 320
person 334 141 454 375
person 269 141 358 375
person 210 148 278 342
person 94 128 224 347
bottle 155 264 174 324
person 1 133 105 375
;
test/tiny/2008_008714.jpg
dog 183 157 207 202
sheep 262 173 376 285
sheep 187 189 286 275
sheep 298 175 416 267
sheep 300 164 388 193
sheep 279 168 307 188
sheep 199 170 272 203
;
test/tiny/2011_000427.jpg
diningtable 1 202 459 375
sofa 2 174 53 209
person 315 34 500 375
person 144 54 329 250
person 76 104 151 210
person 117 107 153 142
;
test/tiny/2009_003840.jpg
person 9 185 201 375
person 162 187 264 349
chair 56 322 213 375
diningtable 2 267 214 375
chair 204 244 296 375
chair 20 232 94 277
;
test/tiny/2010_000001.jpg
cat 123 13 341 313
chair 294 13 410 236
chair 418 198 500 290
chair 362 1 498 80
diningtable 1 219 500 333
diningtable 1 1 234 188
;
test/tiny/2008_003967.jpg
person 265 33 465 375
person 106 186 225 337
person 66 63 231 375
chair 420 152 500 363
chair 64 239 236 375
chair 1 234 58 375
;
test/tiny/2010_004942.jpg
diningtable 177 218 500 375
person 197 21 369 264
person 367 121 466 233
person 23 211 141 345
car 24 67 51 151
bottle 461 166 494 241
chair 18 277 195 375
;
test/tiny/2007_006673.jpg
boat 394 42 445 234
boat 353 81 390 207
boat 309 52 372 246
boat 294 110 324 196
boat 242 70 275 212
boat 230 117 245 189
boat 214 112 239 201
boat 187 114 210 195
boat 171 107 206 223
boat 137 105 171 213
boat 43 224 71 234
boat 4 231 29 244
;
test/tiny/2008_000868.jpg
person 296 322 326 394
person 27 312 55 380
person 210 315 240 388
person 257 316 282 392
person 174 319 196 396
person 152 317 178 387
person 48 318 83 389
person 85 315 104 381
person 68 312 82 337
person 41 306 59 340
person 119 328 148 397
person 13 320 35 387
person 1 324 8 397
car 1 312 41 348
;
test/tiny/2008_002195.jpg
aeroplane 373 10 440 44
aeroplane 277 10 338 40
aeroplane 197 11 252 36
aeroplane 87 7 151 39
aeroplane 40 1 110 45
person 398 57 406 74
;
test/tiny/2008_008364.jpg
train 48 47 446 165
person 305 104 338 156
person 320 117 338 157
person 420 106 427 119
person 428 104 436 121
person 58 81 74 105
person 112 83 128 105
person 490 103 500 145
;
test/tiny/2009_003338.jpg
person 131 150 200 332
person 168 153 259 332
person 277 122 365 332
horse 1 34 273 332
horse 232 113 500 332
person 382 141 403 159
person 459 135 468 144
person 478 130 500 170
person 357 136 375 151
;
test/tiny/2008_002092.jpg
person 91 184 239 374
person 288 189 436 374
person 374 66 500 209
person 294 16 458 134
person 279 99 444 361
person 180 96 292 353
person 88 110 210 338
person 4 82 213 344
sofa 1 109 480 326
;
test/tiny/2010_003017.jpg
bottle 156 98 254 319
bottle 371 191 480 375
person 1 139 235 375
person 170 138 390 375
person 458 215 500 375
chair 327 225 374 290
pottedplant 123 154 149 255
pottedplant 71 172 123 262
pottedplant 42 211 66 238
pottedplant 1 210 15 243
;
test/tiny/2008_001493.jpg
person 131 21 262 369
person 245 80 341 368
person 318 53 423 375
person 6 66 157 375
person 442 64 481 197
chair 434 199 500 375
person 401 72 421 108
person 406 68 440 192
;
test/tiny/2009_005202.jpg
diningtable 1 90 371 375
chair 322 227 500 375
chair 30 168 250 375
chair 250 53 321 102
chair 278 102 430 291
chair 28 69 111 160
;
test/tiny/2011_002978.jpg
car 2 185 104 236
car 19 196 103 237
person 400 153 427 270
pottedplant 328 153 420 294
person 268 90 344 333
person 168 121 227 304
person 207 106 285 335
person 149 174 190 241
pottedplant 56 207 110 265
person 101 179 147 275
person 131 164 157 227
person 100 167 128 209
person 63 164 92 216
person 38 160 64 236
;
