test/small/2010_004102.jpg
tvmonitor 1 145 28 204
tvmonitor 1 226 27 285
tvmonitor 181 188 291 289
tvmonitor 69 188 180 293
person 145 159 369 404
person 91 213 164 262
person 2 163 19 202
person 1 229 25 285
;
test/small/2008_008097.jpg
car 424 105 500 194
bicycle 163 180 374 288
motorbike 364 96 438 136
person 383 80 416 125
person 244 115 325 272
bus 1 49 103 178
bus 77 55 193 104
bus 324 18 500 109
car 119 81 206 111
car 224 75 257 93
car 195 69 236 92
car 249 75 280 90
car 266 78 281 92
car 292 70 313 91
car 307 73 327 90
;
test/small/2011_002933.jpg
chair 201 221 241 318
chair 235 228 252 324
chair 195 213 236 295
diningtable 203 225 251 318
chair 227 209 253 225
chair 1 251 91 304
chair 138 275 189 392
chair 106 349 191 500
diningtable 1 302 154 500
;
test/small/2010_004160.jpg
person 211 118 249 207
horse 255 127 366 231
horse 324 117 488 248
person 287 90 318 153
car 1 112 101 177
horse 211 120 254 142
person 193 109 206 126
person 177 109 188 123
person 430 112 447 138
;
test/small/2011_001625.jpg
horse 154 96 420 279
horse 131 106 374 277
person 73 112 118 269
person 108 120 128 268
person 65 109 139 224
car 444 197 500 228
;
test/small/2008_002086.jpg
person 366 46 490 375
person 198 30 252 72
pottedplant 217 332 261 375
pottedplant 1 266 47 375
chair 99 323 184 375
chair 280 317 365 375
bottle 173 36 186 76
bottle 181 46 191 77
;
test/small/2009_001618.jpg
sheep 406 103 467 146
sheep 12 70 45 87
sheep 89 66 125 82
sheep 92 87 144 124
sheep 126 106 183 149
sheep 143 97 208 130
;
test/small/2010_004089.jpg
sheep 197 145 313 288
sheep 100 313 307 460
sheep 336 305 375 379
sheep 303 202 375 288
sheep 37 195 191 311
sheep 1 271 64 356
sheep 1 414 132 500
dog 225 105 295 150
dog 68 281 257 369
;
test/small/2008_004862.jpg
bicycle 330 149 369 178
bicycle 142 174 280 325
car 1 93 113 270
car 1 138 206 245
car 142 143 248 208
car 209 142 279 196
car 246 131 340 167
car 396 127 435 147
person 305 120 336 269
person 259 120 330 303
;
test/small/2008_007666.jpg
cow 243 231 378 311
cow 358 211 401 304
cow 220 210 349 290
cow 66 154 121 200
cow 58 224 149 304
cow 143 242 245 313
cow 201 234 245 300
cow 1 109 23 153
;
test/small/2011_001406.jpg
car 1 364 41 399
car 1 432 38 500
person 114 382 128 418
person 146 364 174 423
person 173 361 198 423
person 197 360 219 424
person 300 368 316 380
;
test/small/2009_002180.jpg
motorbike 375 1 500 129
motorbike 266 4 393 94
motorbike 137 1 167 44
motorbike 157 1 190 42
motorbike 183 1 215 45
motorbike 201 1 238 34
person 236 1 256 57
;
test/small/2011_006226.jpg
person 199 203 345 324
person 70 189 200 324
person 1 155 31 221
person 195 128 226 182
person 57 124 106 189
person 236 115 273 164
;
test/small/2007_001630.jpg
person 26 14 54 114
person 190 27 268 214
person 74 95 200 358
person 155 196 343 500
person 333 32 373 255
bicycle 85 231 200 428
bicycle 149 358 340 500
;
test/small/2011_001616.jpg
chair 20 306 58 368
diningtable 28 319 500 375
person 406 117 500 335
person 322 100 410 255
person 242 116 345 272
person 107 102 218 257
person 5 103 107 306
person 53 183 160 358
person 153 170 296 333
person 290 182 419 329
;
test/small/2009_000058.jpg
diningtable 1 331 375 500
bottle 348 191 372 286
bottle 324 220 347 285
bottle 174 234 218 393
person 1 69 73 398
person 27 85 180 334
person 200 70 340 347
;
test/small/2008_008613.jpg
sheep 235 200 286 268
sheep 143 190 194 267
sheep 186 186 222 253
sheep 41 167 77 224
sheep 9 212 40 266
sheep 240 166 281 204
sheep 76 180 150 240
sheep 365 204 415 258
sheep 283 192 341 248
sheep 84 215 131 267
sheep 220 207 239 241
;
test/small/2009_001181.jpg
bottle 238 293 255 333
person 309 85 431 298
person 280 108 368 332
bicycle 415 225 500 328
person 1 134 45 333
person 20 119 111 333
person 84 106 178 333
person 163 136 181 175
person 134 129 241 333
person 249 266 334 333
person 333 250 437 333
person 410 273 498 333
;
test/small/2009_003961.jpg
diningtable 96 277 255 421
chair 82 274 171 402
chair 154 279 251 416
pottedplant 133 188 187 259
chair 118 263 196 392
chair 182 268 260 395
;
test/small/2008_008272.jpg
diningtable 182 312 362 354
diningtable 164 350 426 375
diningtable 223 301 357 320
person 4 169 161 375
person 109 187 198 315
person 142 226 213 364
person 169 216 234 314
person 214 219 262 308
person 317 207 374 323
person 268 203 331 300
person 425 167 500 375
person 341 192 463 373
person 346 206 416 323
sofa 1 243 272 375
;
test/small/2010_001271.jpg
diningtable 194 202 370 354
chair 238 210 326 364
chair 287 199 368 337
chair 182 203 264 342
chair 279 196 343 320
chair 187 198 255 256
;
test/small/2008_006014.jpg
boat 199 175 283 194
person 251 169 272 188
person 262 168 279 186
person 235 160 257 189
person 217 161 232 184
person 204 166 218 183
;
test/small/2009_005005.jpg
sheep 369 216 500 281
sheep 323 203 454 280
sheep 7 146 124 199
sheep 90 96 181 212
sheep 185 141 249 186
sheep 251 86 360 196
sheep 307 104 403 196
sheep 392 118 435 172
sheep 393 166 483 208
;
test/small/2010_005369.jpg
bottle 256 110 272 147
bottle 265 106 277 149
person 1 79 142 375
person 179 81 327 283
person 369 93 500 345
diningtable 1 274 500 375
;
test/small/2010_004361.jpg
diningtable 236 198 500 372
chair 122 160 206 326
chair 206 182 308 314
chair 371 266 500 372
chair 192 200 316 373
chair 99 160 160 269
person 231 118 360 265
;
test/small/2011_001240.jpg
sheep 260 128 319 157
sheep 84 149 142 190
sheep 312 169 337 227
sheep 247 138 309 227
sheep 135 129 202 201
sheep 307 159 394 226
;
test/small/2011_000954.jpg
car 1 108 385 375
car 296 124 489 235
person 69 134 134 200
person 183 133 249 185
person 250 103 329 222
person 319 90 347 157
person 405 116 434 156
person 293 112 308 133
car 1 137 35 199
;
test/small/2008_007843.jpg
chair 1 1 202 228
chair 182 1 330 147
person 144 134 368 328
person 62 106 239 355
bottle 263 236 306 271
bottle 164 225 189 261
;
test/small/2008_000952.jpg
car 1 130 96 220
car 1 206 87 375
car 355 266 500 375
car 382 126 500 207
car 261 137 361 212
car 93 140 206 224
;
test/small/2008_007321.jpg
dog 152 201 278 371
dog 272 231 347 381
car 397 87 500 123
car 275 91 366 114
car 188 90 257 117
car 85 81 181 118
;
test/small/2011_002598.jpg
motorbike 1 142 401 320
motorbike 3 88 266 229
person 231 44 340 316
person 112 73 268 320
person 78 29 212 161
car 1 12 129 161
car 197 8 244 40
car 259 3 309 41
car 138 1 187 35
;
test/small/2008_005884.jpg
diningtable 1 204 301 375
chair 28 169 110 214
person 1 95 60 207
person 96 98 239 231
person 186 67 482 375
bottle 209 137 229 157
bottle 242 139 260 157
bottle 237 139 245 152
bottle 403 140 413 155
bottle 227 138 241 165
;
test/small/2007_006661.jpg
bicycle 75 147 134 220
bicycle 191 147 213 188
person 77 96 132 210
person 144 111 175 188
person 182 123 215 186
bicycle 146 145 171 186
person 259 139 270 171
person 244 139 259 170
person 213 135 227 154
person 290 147 302 167
person 276 144 288 167
person 300 146 311 170
;
test/small/2011_001791.jpg
pottedplant 195 147 236 197
pottedplant 116 158 158 203
chair 98 169 134 213
chair 146 159 185 217
chair 115 169 143 219
chair 176 170 204 210
chair 224 174 255 239
chair 257 179 293 242
chair 204 189 245 257
chair 165 182 207 243
chair 176 193 227 272
chair 301 207 363 291
chair 300 173 327 227
chair 335 171 368 197
chair 325 184 367 252
chair 355 185 394 244
chair 272 164 286 185
chair 249 163 271 189
chair 434 167 456 207
chair 399 168 425 213
chair 383 167 408 207
;
test/small/2008_003093.jpg
person 243 1 500 375
person 141 100 282 273
person 102 1 240 277
person 73 1 119 267
person 267 1 331 113
chair 238 148 500 375
;
test/small/2011_001271.jpg
bicycle 139 186 328 323
car 1 182 183 274
car 273 179 320 213
car 164 187 229 235
car 283 161 500 256
person 202 157 289 302
;
test/small/2011_001032.jpg
chair 359 166 414 238
chair 414 156 499 237
chair 288 162 348 231
chair 232 164 277 223
chair 255 165 296 191
person 102 138 493 323
chair 252 165 290 201
chair 185 159 224 195
;
test/small/2009_004032.jpg
diningtable 27 219 459 375
person 342 51 500 372
person 8 92 114 310
person 216 85 341 233
pottedplant 277 2 300 31
pottedplant 160 1 190 31
chair 91 81 131 145
chair 123 82 136 149
person 23 56 69 93
;
test/small/2008_001563.jpg
person 237 59 500 375
person 62 72 365 375
person 87 1 266 196
person 301 1 493 266
chair 354 120 500 304
chair 1 129 78 375
chair 1 33 106 204
chair 38 101 109 201
chair 37 188 115 375
chair 194 158 425 375
chair 459 104 500 213
;
test/small/2010_003538.jpg
person 29 41 224 500
person 160 49 334 500
chair 1 165 172 460
bottle 180 128 216 233
chair 152 168 314 404
chair 1 305 57 454
;
test/small/2009_005082.jpg
person 249 17 500 375
bottle 333 124 399 179
bicycle 308 292 500 375
bicycle 12 304 221 375
person 1 13 233 375
person 136 153 216 375
person 428 245 500 375
;
test/small/2008_006605.jpg
tvmonitor 253 123 331 227
bottle 103 262 138 358
bottle 93 247 117 355
bottle 351 261 359 335
tvmonitor 361 150 445 234
bottle 76 257 104 352
;
test/small/2010_001254.jpg
car 402 168 434 197
bicycle 291 169 389 245
person 280 107 315 252
person 228 55 309 277
person 204 101 245 247
person 138 69 196 267
person 71 71 135 263
person 27 50 63 276
;
test/small/2010_001987.jpg
sheep 129 202 162 227
sheep 229 94 271 134
sheep 178 112 217 154
sheep 222 32 253 76
sheep 58 105 96 144
sheep 164 176 240 218
sheep 121 256 152 278
sheep 24 245 52 268
;
test/small/2009_001794.jpg
boat 23 104 171 307
boat 234 109 368 331
boat 232 59 392 100
person 355 49 375 87
boat 1 135 40 209
boat 461 120 500 254
person 464 118 487 144
boat 368 120 483 360
person 366 192 412 258
person 439 205 487 268
person 435 155 470 205
person 440 181 479 229
person 364 179 405 228
person 363 168 395 212
;
test/small/2011_001689.jpg
sofa 118 258 500 375
chair 23 188 193 325
tvmonitor 149 153 211 211
chair 1 229 38 346
pottedplant 387 170 439 214
pottedplant 465 127 491 212
pottedplant 487 168 500 217
pottedplant 2 118 60 185
;
test/small/2009_000464.jpg
person 195 1 500 375
person 31 263 200 375
person 153 218 187 290
person 95 211 134 276
bottle 173 256 186 307
pottedplant 67 275 116 375
;
test/small/2009_003255.jpg
car 32 21 481 306
car 261 15 500 191
car 35 19 328 84
person 312 1 342 51
car 234 3 309 49
car 128 9 224 48
;
test/small/2012_002893.jpg
person 420 250 462 333
person 354 257 393 346
person 292 253 330 332
person 182 244 224 320
person 79 242 142 375
person 65 252 117 375
;
test/small/2010_002877.jpg
chair 95 195 141 302
person 108 158 196 309
person 191 159 237 286
person 237 156 283 291
person 283 155 347 297
person 306 162 393 321
chair 340 213 414 338
chair 118 211 192 336
chair 197 226 268 338
dog 274 291 319 330
diningtable 157 204 320 319
;
test/small/2009_005310.jpg
tvmonitor 124 214 192 279
pottedplant 50 87 151 233
pottedplant 181 204 238 243
pottedplant 136 165 180 222
pottedplant 232 204 274 248
pottedplant 301 214 334 253
pottedplant 400 147 475 243
pottedplant 379 252 464 364
pottedplant 326 198 366 257
pottedplant 310 324 393 390
;
test/small/2010_001112.jpg
car 436 203 500 375
dog 250 169 300 210
person 93 198 184 330
person 175 106 274 326
person 262 191 317 321
person 306 125 332 204
person 267 124 292 195
person 251 106 267 140
person 255 103 286 172
cow 305 110 336 142
;
test/small/2009_001759.jpg
person 367 111 500 235
person 308 106 347 221
person 41 91 212 338
person 246 104 274 203
person 219 101 237 128
person 190 98 216 137
motorbike 25 134 212 375
motorbike 371 117 500 273
motorbike 263 129 370 229
motorbike 206 119 282 201
;
test/small/2010_005518.jpg
car 109 113 380 296
person 79 86 113 160
person 119 92 152 154
person 130 91 145 144
car 1 109 86 140
car 187 104 252 119
;
test/small/2008_002328.jpg
person 18 105 142 288
person 90 86 268 375
person 247 77 441 353
chair 304 267 430 375
chair 1 200 329 375
tvmonitor 1 255 235 375
;
test/small/2009_004179.jpg
dog 204 65 423 283
person 95 25 240 284
person 1 1 48 192
dog 462 89 500 204
chair 382 71 454 161
dog 293 92 356 142
person 226 41 262 75
car 10 14 126 119
car 190 1 345 121
car 344 30 500 134
car 125 22 150 52
;
test/small/2009_001934.jpg
pottedplant 31 69 164 279
pottedplant 227 134 303 263
pottedplant 305 150 417 191
pottedplant 335 101 389 154
pottedplant 217 293 319 375
person 269 57 379 375
person 132 81 263 375
pottedplant 386 253 426 285
;
test/small/2011_000404.jpg
sheep 405 241 499 331
sheep 261 223 391 344
sheep 158 200 291 317
sheep 106 184 178 287
sheep 78 210 130 275
sheep 407 264 453 314
;
test/small/2008_005677.jpg
person 252 167 400 264
person 295 67 400 196
person 226 66 334 186
person 1 134 139 264
person 1 84 84 231
person 82 38 211 145
bottle 229 100 242 145
bottle 220 105 235 152
bottle 207 89 222 152
person 125 105 240 264
;
test/small/2008_005055.jpg
person 110 161 164 261
person 185 125 220 203
person 99 132 119 161
person 44 128 56 149
bicycle 108 212 159 289
bicycle 186 160 220 209
bicycle 102 147 119 169
;
test/small/2008_005954.jpg
chair 389 214 452 328
chair 352 300 393 375
chair 136 247 237 291
chair 1 203 57 297
diningtable 1 278 295 375
diningtable 431 239 500 375
tvmonitor 194 99 315 171
chair 419 269 500 375
pottedplant 8 30 131 233
sofa 443 174 500 250
;
test/small/2011_002484.jpg
car 1 122 88 195
car 27 53 459 327
car 356 85 443 175
car 431 108 494 157
car 1 114 89 149
person 12 98 32 117
;
test/small/2011_003205.jpg
pottedplant 86 233 97 246
pottedplant 97 246 120 265
pottedplant 251 260 282 268
pottedplant 457 237 489 257
pottedplant 439 250 451 262
pottedplant 423 249 438 263
pottedplant 402 256 415 267
;
test/small/2010_003632.jpg
chair 454 254 500 300
chair 444 310 500 375
chair 1 297 79 374
person 78 38 235 375
person 189 31 363 375
person 186 34 456 375
person 1 214 55 375
person 16 213 79 290
person 442 187 500 287
person 431 206 460 245
;
test/small/2008_002887.jpg
boat 104 97 251 175
boat 37 87 127 157
boat 1 97 45 152
boat 208 75 314 95
boat 47 69 84 90
boat 1 155 472 375
person 358 110 399 183
;
test/small/2009_003646.jpg
tvmonitor 109 119 313 292
tvmonitor 17 139 108 230
sofa 45 278 376 375
person 291 45 431 375
sofa 1 224 104 375
person 320 1 500 281
bicycle 274 220 358 338
bicycle 335 337 500 375
;
test/small/2008_005808.jpg
person 280 126 350 334
person 223 110 284 324
person 163 160 234 294
person 88 100 189 282
bicycle 233 196 429 342
bicycle 1 171 76 298
bicycle 1 159 76 254
;
test/small/2008_001666.jpg
chair 470 81 500 198
person 475 44 500 142
person 83 51 296 375
person 239 61 393 231
person 239 222 332 316
person 285 117 434 291
diningtable 95 103 264 175
;
test/small/2011_000586.jpg
aeroplane 48 65 483 364
aeroplane 36 1 393 148
person 483 89 500 141
person 457 198 478 261
person 435 202 460 262
person 422 207 437 254
;
test/small/2008_003680.jpg
car 69 212 260 267
car 205 181 282 223
car 177 185 256 215
car 97 232 293 288
car 157 217 260 252
car 115 189 240 226
car 186 192 257 224
car 362 179 387 205
car 381 176 442 207
car 445 181 500 212
car 468 191 500 222
car 195 164 228 181
car 409 183 447 214
car 82 252 288 322
;
test/small/2007_003889.jpg
horse 345 75 427 295
horse 157 79 282 294
horse 52 105 138 297
person 337 32 439 193
person 122 35 239 188
person 1 58 102 308
person 51 48 123 196
chair 431 119 472 166
;
test/small/2009_004630.jpg
car 48 252 179 302
car 16 253 100 294
car 2 262 22 288
car 1 249 39 268
car 187 253 227 276
car 211 245 276 279
car 236 253 305 280
car 278 248 316 265
car 302 254 334 269
car 310 250 370 283
car 363 253 398 264
car 483 253 500 274
car 417 252 456 263
car 444 247 471 265
;
test/small/2011_000834.jpg
bird 136 140 179 167
bird 142 128 160 138
sheep 329 168 429 255
sheep 89 153 194 256
person 35 33 44 52
person 24 31 32 52
person 18 31 26 45
person 10 27 19 52
person 1 29 10 47
;
test/small/2010_003381.jpg
car 1 93 500 342
person 160 125 272 219
person 427 146 487 212
person 347 138 425 215
person 350 7 445 151
person 195 44 243 96
person 71 34 136 174
person 40 19 77 120
;
test/small/2010_002221.jpg
horse 1 68 499 397
person 75 73 230 398
person 384 224 446 398
person 443 283 500 398
person 216 187 269 252
person 355 271 393 398
person 480 238 500 269
person 467 243 486 276
;
test/small/2008_001969.jpg
person 313 223 332 327
person 274 212 317 323
person 227 215 273 324
person 187 212 224 324
person 139 227 176 328
person 69 215 98 332
person 17 213 63 334
person 70 170 155 377
person 1 217 19 335
;
test/small/2009_002978.jpg
chair 257 276 429 375
chair 319 227 391 307
chair 244 205 313 278
chair 98 211 165 273
chair 35 252 194 375
chair 10 230 148 365
diningtable 96 239 361 375
;
test/small/2009_001249.jpg
chair 332 177 407 259
chair 318 176 383 247
chair 218 196 288 279
chair 101 181 178 259
chair 115 176 182 245
pottedplant 304 162 371 208
pottedplant 143 165 208 230
sofa 209 169 305 235
pottedplant 284 152 316 166
pottedplant 199 151 225 170
pottedplant 309 110 385 170
pottedplant 114 107 235 176
;
test/small/2008_005530.jpg
boat 131 223 161 271
boat 224 231 243 260
boat 256 229 270 251
boat 340 217 369 255
boat 454 224 486 259
boat 432 227 474 239
;
test/small/2011_000503.jpg
car 1 250 18 287
car 12 237 103 313
car 395 243 491 289
car 459 272 499 362
car 262 251 400 306
car 170 277 495 374
person 410 234 422 253
person 318 242 331 257
;
test/small/2010_002725.jpg
diningtable 1 297 500 375
diningtable 1 190 82 272
person 261 50 500 329
person 60 80 260 314
person 469 121 500 209
person 366 117 416 159
person 18 110 58 174
;
test/small/2009_005229.jpg
cow 8 27 32 153
person 292 37 468 319
cow 27 14 68 159
cow 32 3 97 173
cow 202 1 500 280
cow 148 1 230 248
cow 87 1 157 210
cow 72 1 121 175
;
test/small/2008_003635.jpg
bottle 329 165 387 333
person 55 61 198 281
person 187 72 349 277
person 303 97 344 134
person 344 98 382 148
person 349 88 431 191
person 269 100 289 123
person 288 90 308 119
person 177 88 201 130
diningtable 1 263 500 333
;
test/small/2011_000731.jpg
pottedplant 279 185 414 271
chair 2 228 111 374
chair 205 241 275 348
chair 456 238 500 311
chair 249 249 305 271
chair 413 255 464 280
diningtable 179 311 499 375
diningtable 95 257 171 330
diningtable 246 269 461 313
person 133 180 219 315
person 21 180 110 268
;
test/small/2008_006540.jpg
aeroplane 176 112 491 208
person 196 154 206 189
person 220 153 233 188
person 236 154 247 188
person 255 155 266 188
person 353 138 374 148
;
test/small/2008_007134.jpg
bottle 86 455 130 500
bottle 146 463 178 500
bottle 202 465 235 500
bottle 254 327 310 493
bottle 78 175 142 357
bottle 139 172 193 359
bottle 196 174 250 364
bottle 258 174 312 361
bottle 83 321 141 482
bottle 141 324 195 485
bottle 80 17 140 221
bottle 141 14 195 224
bottle 198 12 253 222
bottle 259 9 314 221
;
test/small/2009_004187.jpg
bus 79 41 446 276
bus 438 84 486 195
car 41 130 87 155
car 1 133 41 157
person 35 150 51 209
person 6 143 23 200
person 20 153 36 210
car 95 129 137 150
;
test/small/2008_003811.jpg
bus 311 36 500 134
car 225 125 397 196
car 1 83 43 116
car 113 79 188 121
car 108 60 167 89
car 171 61 213 93
car 142 22 175 38
car 179 26 218 45
car 244 31 276 48
car 283 45 316 82
car 208 21 236 39
car 157 10 187 23
car 250 13 273 25
car 172 18 207 34
;
test/small/2008_000776.jpg
person 71 70 298 333
person 393 60 426 151
person 341 81 359 132
person 320 83 335 130
person 309 83 324 129
person 356 88 365 124
person 294 85 307 140
person 280 89 296 143
person 386 77 398 130
person 380 77 392 125
person 367 79 378 121
;
test/small/2008_003278.jpg
person 46 110 67 150
person 1 79 46 375
person 385 157 500 375
person 183 42 305 375
person 274 69 380 375
person 36 49 200 375
person 371 174 429 260
diningtable 365 154 500 230
;
test/small/2008_004372.jpg
chair 232 105 276 172
chair 1 213 44 267
chair 372 205 400 267
person 230 96 377 267
person 35 102 169 267
person 147 67 260 183
bottle 143 196 168 253
bottle 157 154 172 191
bottle 166 148 178 180
diningtable 103 167 280 267
;
test/small/2008_001042.jpg
car 428 274 500 351
car 285 272 469 342
car 210 269 331 332
car 69 263 213 320
car 1 284 62 372
car 1 353 226 375
car 162 262 189 278
car 299 242 366 271
;
test/small/2010_000821.jpg
sofa 1 203 258 371
chair 249 202 340 375
chair 399 195 459 255
chair 476 209 500 261
chair 335 239 453 375
diningtable 275 242 500 375
;
test/small/2007_008072.jpg
diningtable 81 191 329 322
person 293 106 348 175
person 385 109 450 182
person 272 127 397 318
person 135 102 203 198
person 189 92 257 185
person 68 99 154 212
person 3 97 148 325
chair 273 233 439 325
chair 370 182 433 250
;
test/small/2011_002111.jpg
bicycle 53 103 289 319
bicycle 304 51 338 111
car 442 40 500 64
person 331 24 359 108
bottle 166 171 193 199
bottle 189 163 206 197
;
test/small/2008_008362.jpg
diningtable 60 265 378 375
chair 378 232 466 375
person 190 64 347 216
person 235 154 366 276
person 130 163 240 264
person 30 172 132 306
person 1 218 151 375
diningtable 437 214 500 344
bottle 484 203 494 236
bottle 199 246 215 284
person 349 159 445 375
person 390 154 442 230
person 299 117 340 195
person 159 122 197 177
person 134 104 173 209
person 1 117 52 216
bottle 180 235 196 264
;
test/small/2010_005063.jpg
bus 404 147 500 221
bus 358 141 405 216
bus 223 136 363 224
bus 180 147 231 209
bus 86 139 182 226
bus 1 142 82 232
;
test/small/2008_008388.jpg
diningtable 1 239 449 375
person 254 138 384 262
person 342 143 500 375
person 324 36 435 198
person 6 47 77 259
person 73 203 333 375
chair 60 287 172 375
chair 338 177 419 266
person 157 35 237 222
person 1 192 52 375
bottle 352 208 373 268
person 1 50 68 267
;
test/small/2008_003449.jpg
boat 113 206 316 375
boat 340 95 393 146
boat 390 121 425 149
boat 286 90 343 128
boat 427 167 500 257
boat 64 107 122 135
boat 477 111 500 148
boat 89 97 363 244
;
test/small/2008_006961.jpg
car 9 137 357 374
boat 339 1 437 52
boat 265 33 341 78
car 265 187 473 321
car 373 204 483 243
boat 116 1 500 230
;
test/small/2011_000875.jpg
pottedplant 9 10 114 98
pottedplant 107 160 214 207
pottedplant 284 166 375 207
bottle 489 183 500 238
bottle 467 201 490 235
chair 273 202 343 274
chair 173 231 226 375
diningtable 204 270 499 374
chair 203 276 244 375
bottle 484 210 499 236
;
test/small/2008_006265.jpg
aeroplane 1 35 487 293
person 385 236 406 298
person 329 245 346 294
person 353 239 376 298
person 356 239 380 290
person 480 239 487 257
person 471 236 478 257
person 466 237 473 255
person 455 236 464 255
person 461 238 466 256
person 439 237 445 253
person 435 237 441 253
person 426 239 432 253
person 412 238 418 255
person 416 237 422 252
person 420 239 423 251
person 422 237 426 252
person 382 235 389 250
person 375 235 381 248
;
test/small/2008_000803.jpg
motorbike 432 11 461 64
person 386 54 430 219
person 293 41 345 208
person 319 46 366 205
person 196 28 258 182
person 85 7 136 184
person 41 3 95 155
person 420 78 471 229
bicycle 55 79 90 181
bicycle 164 87 264 177
bicycle 373 115 411 224
bicycle 277 93 332 208
person 433 2 463 63
;
test/small/2011_001914.jpg
bottle 416 313 446 375
sofa 1 12 485 375
bicycle 258 1 500 209
bottle 290 156 316 202
person 49 55 364 375
person 138 14 458 375
person 252 5 500 238
;
test/small/2011_000282.jpg
chair 286 190 382 279
chair 4 118 51 158
chair 110 163 163 315
chair 151 220 364 300
diningtable 52 225 499 375
person 316 102 500 282
person 150 84 319 300
person 1 56 285 375
chair 318 124 362 192
chair 262 122 308 177
chair 338 123 363 154
chair 300 126 337 176
bottle 330 106 338 125
;
test/small/2008_007692.jpg
chair 450 144 475 167
chair 453 150 469 168
chair 462 163 500 257
chair 400 163 424 197
chair 435 182 486 280
chair 475 205 500 222
chair 368 195 453 316
chair 375 234 489 375
chair 323 191 388 324
chair 327 222 395 350
chair 380 239 500 375
chair 355 328 385 375
chair 202 366 290 375
chair 11 366 65 375
diningtable 461 152 500 225
diningtable 416 167 500 264
diningtable 332 202 479 350
diningtable 63 269 303 375
person 213 160 354 375
chair 336 245 348 275
person 203 69 267 220
;
test/small/2010_003017.jpg
bottle 156 98 254 319
bottle 371 191 480 375
person 1 139 235 375
person 170 138 390 375
person 458 215 500 375
chair 327 225 374 290
pottedplant 123 154 149 255
pottedplant 71 172 123 262
pottedplant 42 211 66 238
pottedplant 1 210 15 243
;
test/small/2008_005582.jpg
horse 127 186 209 375
horse 346 171 469 375
person 356 136 453 300
person 170 197 249 375
person 91 212 139 375
person 287 215 342 375
;
test/small/2011_000885.jpg
pottedplant 328 54 459 202
chair 292 229 412 375
person 274 140 362 245
person 118 143 229 368
person 64 112 105 212
person 96 143 108 161
person 106 145 130 189
person 125 147 148 166
person 152 144 169 164
person 193 143 212 178
person 213 149 224 163
person 224 148 243 174
person 259 142 288 176
chair 72 212 209 375
chair 448 247 500 375
chair 465 193 500 247
chair 360 190 416 242
chair 12 165 38 218
chair 40 163 66 212
chair 101 165 129 208
chair 200 160 213 189
bottle 260 172 280 232
bottle 242 171 252 195
;
test/small/2009_003019.jpg
boat 111 14 493 377
boat 9 159 164 372
person 346 337 364 355
person 363 331 379 356
person 392 341 408 358
person 439 336 459 349
;
test/small/2011_001937.jpg
bicycle 408 143 494 205
bicycle 299 148 402 209
bicycle 205 143 290 216
bicycle 90 155 165 206
bicycle 95 164 177 229
bicycle 149 197 263 286
bicycle 62 185 115 257
person 351 155 397 222
person 295 159 347 224
person 147 97 193 223
person 147 129 218 286
person 59 109 73 133
person 20 110 41 154
person 1 101 31 254
bicycle 95 165 166 227
bicycle 63 166 102 227
bicycle 60 181 111 258
person 23 102 39 127
person 1 101 10 125
;
test/small/2008_006192.jpg
diningtable 1 12 488 375
chair 168 1 316 20
chair 460 95 500 261
chair 418 263 500 375
bottle 121 87 158 178
bottle 191 30 234 119
;
