test/medium/2009_004052.jpg
bus 49 36 440 302
person 45 176 72 268
person 69 168 98 282
person 144 154 170 213
person 173 143 216 199
person 227 167 273 211
person 12 171 24 194
person 21 167 35 206
person 34 168 47 208
;
test/medium/2010_004455.jpg
aeroplane 32 127 486 238
pottedplant 28 154 67 202
person 184 202 196 221
person 211 196 221 225
person 220 198 231 227
person 233 201 247 230
;
test/medium/2010_006010.jpg
chair 271 262 345 316
person 2 203 156 375
person 143 213 315 375
person 315 213 494 375
chair 145 244 209 275
diningtable 1 266 306 336
;
test/medium/2011_003039.jpg
sofa 101 138 390 286
person 217 69 233 92
person 317 67 327 86
person 325 66 336 86
person 385 53 411 79
person 461 71 479 105
;
test/medium/2008_003873.jpg
person 77 108 332 375
person 215 76 497 375
person 456 60 500 259
person 371 117 433 188
person 1 154 92 375
person 54 167 114 276
person 106 166 152 249
;
test/medium/2009_004312.jpg
chair 295 150 454 345
chair 125 140 275 336
chair 1 136 134 307
chair 389 163 500 323
bottle 129 91 151 154
bottle 297 76 310 120
diningtable 22 147 500 312
;
test/medium/2011_002142.jpg
diningtable 67 194 369 370
person 341 190 500 375
person 26 163 191 375
person 15 135 94 303
person 119 137 169 213
person 165 112 254 200
person 253 126 331 206
person 366 132 440 203
person 271 147 427 357
;
test/medium/2008_005350.jpg
bus 112 288 185 347
bus 104 325 230 410
car 158 382 217 417
car 240 338 279 359
car 266 321 300 343
car 323 276 347 294
car 344 270 367 287
car 363 265 375 281
person 154 444 168 476
person 159 439 172 468
person 224 484 240 500
person 236 473 253 500
person 262 484 279 500
person 249 490 264 500
;
test/medium/2010_000446.jpg
horse 1 222 58 332
horse 15 182 216 331
horse 203 82 359 331
person 286 1 500 333
person 59 126 191 333
person 209 214 281 333
;
test/medium/2010_002516.jpg
car 439 101 500 141
car 200 92 255 112
car 82 87 205 156
car 1 88 88 183
car 280 94 387 145
car 19 106 382 346
person 272 87 289 106
person 291 87 300 105
person 317 85 328 97
person 370 88 437 278
;
test/medium/2010_004089.jpg
sheep 197 145 313 288
sheep 100 313 307 460
sheep 336 305 375 379
sheep 303 202 375 288
sheep 37 195 191 311
sheep 1 271 64 356
sheep 1 414 132 500
dog 225 105 295 150
dog 68 281 257 369
;
test/medium/2011_002394.jpg
bottle 277 99 295 163
chair 389 312 498 375
chair 2 262 148 374
chair 104 143 180 240
diningtable 62 147 373 374
person 1 57 202 375
person 102 53 230 229
person 363 64 405 120
person 348 81 500 375
;
test/medium/2011_001404.jpg
sofa 146 157 463 333
sofa 1 103 124 319
tvmonitor 214 53 293 124
tvmonitor 306 37 352 81
chair 430 26 500 129
chair 427 133 500 240
chair 452 98 500 167
;
test/medium/2009_002743.jpg
diningtable 64 186 356 375
person 337 117 434 302
person 189 114 283 191
chair 1 198 97 375
chair 316 197 456 375
chair 351 150 441 235
chair 287 97 351 181
chair 401 95 431 133
;
test/medium/2008_003452.jpg
car 1 42 477 307
car 225 33 441 136
person 435 48 475 138
person 376 45 397 95
person 188 44 231 85
person 171 44 202 89
person 152 47 176 89
;
test/medium/2010_001020.jpg
aeroplane 150 91 414 275
person 378 195 396 229
person 202 244 213 270
person 169 207 177 231
person 112 270 127 296
person 103 268 116 294
;
test/medium/2009_001758.jpg
bicycle 153 103 286 249
bicycle 53 140 254 381
bicycle 76 142 286 476
person 118 24 172 174
person 217 3 276 234
person 280 1 375 270
person 339 36 375 353
;
test/medium/2010_002742.jpg
tvmonitor 101 36 166 89
diningtable 1 307 266 375
person 237 146 331 375
person 151 186 281 375
chair 431 211 500 341
pottedplant 68 95 199 211
bottle 38 274 83 318
;
test/medium/2008_001620.jpg
person 371 258 435 400
person 290 262 357 400
person 207 251 279 400
person 59 249 83 280
person 161 276 210 400
person 89 246 118 266
person 50 240 73 266
boat 121 50 164 205
boat 263 148 328 210
boat 448 184 500 209
person 481 174 494 192
person 462 173 477 195
person 449 184 465 197
boat 471 136 500 160
boat 325 195 353 205
person 451 186 459 196
boat 370 141 400 154
boat 410 143 432 152
boat 431 141 453 153
boat 451 139 472 152
;
test/medium/2008_005089.jpg
tvmonitor 155 149 299 276
person 332 139 412 279
person 375 216 500 292
person 116 262 236 374
person 109 313 207 374
bottle 325 303 360 374
bottle 375 270 409 346
bottle 225 272 249 321
person 1 276 59 374
;
test/medium/2011_000628.jpg
horse 7 146 153 321
horse 126 146 254 333
person 103 171 137 288
person 75 157 137 375
person 341 139 383 266
person 307 125 331 156
person 289 123 299 155
person 294 125 311 154
person 150 139 163 153
person 165 135 178 149
person 182 129 194 147
person 195 125 205 134
;
test/medium/2011_006226.jpg
person 199 203 345 324
person 70 189 200 324
person 1 155 31 221
person 195 128 226 182
person 57 124 106 189
person 236 115 273 164
;
test/medium/2009_000164.jpg
person 188 166 310 361
person 133 89 351 375
chair 224 213 447 375
diningtable 2 91 108 218
chair 57 76 113 193
chair 2 113 44 204
chair 1 73 16 95
chair 88 67 106 89
pottedplant 36 71 67 108
;
test/medium/2008_007108.jpg
pottedplant 26 135 106 236
pottedplant 168 71 234 154
pottedplant 241 71 315 127
pottedplant 266 28 300 68
pottedplant 289 94 355 171
pottedplant 338 115 412 201
pottedplant 401 155 455 233
dog 212 214 351 332
pottedplant 236 2 261 61
;
test/medium/2007_001630.jpg
person 26 14 54 114
person 190 27 268 214
person 74 95 200 358
person 155 196 343 500
person 333 32 373 255
bicycle 85 231 200 428
bicycle 149 358 340 500
;
test/medium/2010_000375.jpg
bottle 81 151 100 172
bottle 471 156 486 178
bottle 307 202 318 226
tvmonitor 324 164 402 236
person 6 115 164 326
bottle 459 157 464 178
;
test/medium/2008_003523.jpg
pottedplant 218 235 375 500
pottedplant 73 308 267 500
pottedplant 1 302 97 440
pottedplant 1 374 109 500
pottedplant 137 285 255 381
person 112 105 271 361
;
test/medium/2009_003351.jpg
person 231 250 266 295
person 233 267 273 344
chair 272 285 298 332
person 49 240 65 282
person 64 245 77 278
pottedplant 47 276 69 318
pottedplant 15 288 41 340
motorbike 70 270 165 330
pottedplant 157 332 234 374
pottedplant 418 322 480 375
boat 24 81 500 317
;
test/medium/2007_003207.jpg
bottle 124 6 162 102
bottle 94 36 132 91
bottle 71 57 108 166
bottle 100 58 150 188
bottle 13 71 61 184
bottle 152 115 203 237
bottle 216 102 261 222
bottle 259 134 307 260
bottle 308 126 356 251
bottle 350 139 408 264
;
test/medium/2011_002873.jpg
cow 281 254 309 288
cow 239 245 275 308
cow 126 285 177 326
cow 79 282 123 335
cow 323 225 397 318
cow 14 296 59 355
;
test/medium/2009_004175.jpg
person 339 168 387 247
motorbike 346 216 376 264
car 250 157 330 208
motorbike 325 170 344 203
person 132 154 147 176
person 77 142 92 166
motorbike 78 157 95 170
motorbike 128 162 149 177
;
test/medium/2010_005985.jpg
chair 251 245 297 374
chair 170 255 277 405
chair 140 231 163 267
chair 107 237 140 276
chair 58 243 158 399
chair 125 267 250 442
diningtable 19 253 296 452
;
test/medium/2008_003144.jpg
person 42 249 99 375
person 313 242 354 370
person 347 247 373 356
person 123 235 173 375
person 122 246 147 328
person 282 249 307 323
person 367 256 384 327
pottedplant 226 262 301 285
;
test/medium/2009_003956.jpg
cow 7 135 51 202
cow 57 153 79 198
cow 70 150 91 184
cow 87 153 119 211
cow 186 135 407 331
cow 135 144 197 233
;
test/medium/2009_003840.jpg
person 9 185 201 375
person 162 187 264 349
chair 56 322 213 375
diningtable 2 267 214 375
chair 204 244 296 375
chair 20 232 94 277
;
test/medium/2008_000792.jpg
person 204 198 226 250
person 241 199 262 252
person 258 197 277 259
person 294 192 328 268
person 316 195 349 267
person 349 195 374 263
bicycle 84 228 109 256
bicycle 62 226 84 252
;
test/medium/2007_001073.jpg
cow 55 178 149 248
cow 135 176 174 241
cow 227 153 282 236
cow 276 159 350 255
cow 327 152 425 240
cow 421 161 500 227
;
test/medium/2010_002032.jpg
chair 278 203 356 325
chair 209 222 280 342
chair 63 205 153 326
chair 148 197 206 312
chair 218 194 271 315
diningtable 86 202 316 337
;
test/medium/2009_001319.jpg
diningtable 63 167 328 333
person 119 78 216 301
person 15 85 152 318
diningtable 306 168 441 293
diningtable 1 158 74 277
person 1 94 45 154
bottle 63 116 80 160
;
test/medium/2008_001464.jpg
horse 153 192 333 390
person 215 176 275 298
person 23 268 53 348
person 84 278 106 359
person 92 282 122 366
person 119 276 151 368
person 291 251 312 278
person 318 251 333 285
person 320 275 333 365
;
test/medium/2008_001784.jpg
person 355 74 437 375
person 318 63 379 364
person 257 62 325 355
person 205 72 264 348
person 68 88 139 341
person 144 94 201 270
pottedplant 412 176 500 328
pottedplant 1 93 63 270
;
test/medium/2010_004276.jpg
sheep 301 131 366 203
sheep 159 102 189 147
sheep 127 97 154 134
sheep 71 92 92 118
sheep 52 84 70 111
sheep 40 78 58 106
;
test/medium/2008_006873.jpg
bird 213 88 300 165
bird 110 166 131 181
bird 148 126 160 136
bird 127 113 141 124
person 227 2 241 17
person 241 1 259 23
;
test/medium/2008_006808.jpg
chair 229 249 354 377
chair 358 263 438 377
chair 425 220 478 271
diningtable 256 253 500 377
dog 87 229 122 308
bottle 458 281 474 334
bottle 172 176 179 195
bottle 140 176 148 196
;
test/medium/2010_005830.jpg
sofa 109 232 381 452
chair 355 327 500 498
person 336 82 400 164
person 1 157 115 443
person 104 205 254 482
person 123 221 183 319
pottedplant 1 219 69 329
;
test/medium/2011_001600.jpg
pottedplant 391 149 500 234
chair 192 172 273 309
chair 269 170 330 252
chair 250 176 379 369
sofa 1 193 51 374
sofa 350 224 498 371
;
test/medium/2008_007431.jpg
person 389 176 404 222
person 404 183 420 222
person 224 151 231 173
person 211 156 217 175
person 206 155 212 174
car 119 173 253 232
car 288 176 343 207
car 327 145 349 154
;
test/medium/2010_003304.jpg
bottle 101 249 163 368
person 258 1 500 375
person 151 70 378 372
person 11 124 206 375
person 44 181 92 268
person 34 152 179 334
;
test/medium/2008_003061.jpg
car 335 43 434 99
car 216 34 337 100
car 83 44 185 107
person 109 17 138 47
person 1 28 48 212
car 84 98 483 285
person 13 19 97 228
;
test/medium/2008_008262.jpg
horse 1 210 90 287
horse 110 219 247 320
horse 131 198 257 302
horse 418 180 470 223
person 376 241 409 368
person 418 231 441 333
person 374 203 404 268
person 222 231 246 321
person 82 220 98 288
car 311 182 383 232
;
test/medium/2011_002594.jpg
cat 125 77 173 117
chair 353 82 500 333
chair 342 1 423 86
chair 274 1 347 48
sofa 29 32 414 239
chair 221 2 305 42
;
test/medium/2010_002962.jpg
sofa 1 205 457 375
person 1 166 54 204
person 60 128 155 208
person 413 113 500 255
person 58 162 219 375
person 190 149 442 375
person 63 178 468 375
person 311 145 500 375
;
test/medium/2009_003795.jpg
person 390 36 458 144
person 398 138 481 274
person 426 173 500 375
person 339 119 417 237
person 248 134 344 233
person 159 132 299 324
person 64 127 199 282
bottle 156 222 179 304
bottle 386 247 409 345
diningtable 250 230 451 375
diningtable 84 246 315 375
sofa 26 146 300 296
;
test/medium/2009_004720.jpg
diningtable 7 81 500 375
chair 3 293 185 375
chair 270 19 349 94
chair 390 19 470 141
diningtable 343 29 500 157
chair 99 21 177 107
;
test/medium/2007_006944.jpg
sheep 6 156 215 293
sheep 218 121 348 291
sheep 334 128 494 313
horse 143 113 180 154
horse 104 113 138 146
sheep 476 123 500 217
;
test/medium/2010_004944.jpg
tvmonitor 1 113 122 258
pottedplant 350 175 411 207
pottedplant 234 140 276 165
pottedplant 291 84 359 115
pottedplant 349 1 466 87
pottedplant 243 26 281 46
;
test/medium/2010_004577.jpg
car 25 29 487 374
car 454 3 500 98
car 402 2 483 38
person 95 19 147 83
chair 131 48 147 80
person 1 23 46 112
person 55 12 98 91
car 63 1 125 28
person 86 17 102 52
;
test/medium/2007_006661.jpg
bicycle 75 147 134 220
bicycle 191 147 213 188
person 77 96 132 210
person 144 111 175 188
person 182 123 215 186
bicycle 146 145 171 186
person 259 139 270 171
person 244 139 259 170
person 213 135 227 154
person 290 147 302 167
person 276 144 288 167
person 300 146 311 170
;
test/medium/2009_003577.jpg
diningtable 1 231 429 375
person 91 62 261 257
person 263 72 457 314
chair 79 149 273 242
chair 394 166 461 375
chair 459 142 500 194
person 432 60 500 169
person 454 94 500 169
person 369 98 390 118
person 344 89 361 130
diningtable 364 131 395 163
diningtable 397 125 410 159
diningtable 402 119 415 148
;
test/medium/2012_001518.jpg
person 218 90 361 333
person 59 25 164 325
person 64 1 147 103
person 212 36 298 333
person 298 66 358 313
person 19 87 52 174
person 1 84 24 230
person 118 93 202 272
person 458 73 500 331
;
test/medium/2011_001105.jpg
bus 29 42 403 222
person 124 112 143 128
person 251 88 274 129
person 152 96 167 117
car 438 131 500 168
car 344 128 423 160
person 39 94 64 117
person 147 115 163 130
;
test/medium/2008_001083.jpg
person 204 107 267 168
person 21 138 204 333
person 81 99 136 200
person 348 96 420 254
person 262 99 364 309
chair 12 226 182 333
chair 264 188 371 332
chair 361 156 401 291
chair 1 179 49 223
diningtable 113 170 303 333
;
test/medium/2010_001079.jpg
sheep 160 59 205 101
sheep 142 90 212 158
sheep 167 120 285 202
sheep 161 224 290 316
sheep 335 112 406 157
sheep 326 134 428 210
;
test/medium/2008_007287.jpg
chair 127 1 213 134
chair 50 89 106 124
chair 110 80 157 116
chair 1 119 31 169
chair 4 204 304 375
chair 1 169 150 375
chair 247 187 407 375
chair 343 164 468 347
chair 417 142 482 239
chair 282 69 415 187
chair 173 93 319 238
chair 12 153 99 216
chair 216 59 318 155
chair 113 79 231 205
diningtable 25 114 206 162
;
test/medium/2008_002304.jpg
person 1 1 106 333
person 250 9 443 333
person 57 82 94 190
person 100 66 142 159
person 142 95 181 153
person 65 150 167 319
person 143 126 236 223
person 239 79 279 230
person 168 50 228 137
dog 68 246 228 333
dog 157 203 252 291
dog 233 204 489 333
person 243 68 263 87
;
test/medium/2011_005217.jpg
person 445 68 500 252
person 350 84 409 248
person 274 82 353 266
person 188 93 240 223
person 158 121 184 193
person 138 126 162 200
;
test/medium/2008_007291.jpg
diningtable 80 186 312 342
chair 293 234 446 342
chair 1 196 124 342
person 9 111 139 334
person 149 99 240 193
person 244 92 354 259
person 192 127 437 342
;
test/medium/2008_005794.jpg
pottedplant 406 70 497 179
person 308 69 358 231
person 179 135 237 215
person 137 52 178 208
person 169 92 202 194
person 171 58 207 153
person 255 74 284 155
person 61 77 98 144
person 17 44 67 215
pottedplant 287 52 330 128
chair 67 100 103 146
chair 104 100 140 139
person 209 48 254 151
person 358 65 398 169
person 386 81 402 142
person 357 72 370 96
person 329 59 362 102
person 224 109 287 208
;
test/medium/2008_007594.jpg
bird 87 187 183 334
bird 386 143 450 260
bird 15 191 33 203
bird 31 180 42 194
bird 54 179 67 192
bird 43 170 55 180
bird 58 170 70 179
bird 84 166 97 182
bird 103 174 118 185
bird 172 161 182 171
bird 183 157 191 169
bird 273 164 283 173
bird 462 147 473 170
;
test/medium/2009_001825.jpg
chair 211 112 265 145
chair 208 329 332 500
chair 9 159 209 473
chair 84 134 131 242
chair 116 116 151 205
diningtable 104 143 332 460
;
test/medium/2009_000021.jpg
car 39 152 215 308
car 216 172 311 279
car 1 153 47 244
person 260 138 315 295
person 297 165 318 309
person 260 150 280 183
person 207 156 228 213
person 180 150 204 210
person 13 133 35 171
person 32 138 53 195
person 54 149 69 195
;
test/medium/2008_001376.jpg
person 225 50 482 333
person 105 50 146 163
person 129 50 165 154
person 72 38 95 147
person 87 54 108 131
person 431 67 452 107
person 456 70 480 121
person 474 63 492 133
;
test/medium/2010_003538.jpg
person 29 41 224 500
person 160 49 334 500
chair 1 165 172 460
bottle 180 128 216 233
chair 152 168 314 404
chair 1 305 57 454
;
test/medium/2008_003405.jpg
car 143 103 189 118
car 196 102 244 116
car 260 102 306 117
car 306 102 340 115
car 325 103 450 147
person 1 105 96 292
;
test/medium/2009_000529.jpg
horse 263 92 370 316
person 401 1 500 333
person 325 292 431 333
person 223 255 323 333
person 371 176 448 333
person 8 30 168 333
person 134 117 246 333
person 195 214 246 333
;
test/medium/2008_001834.jpg
person 422 154 430 174
person 225 204 264 309
person 267 156 313 298
person 210 163 261 222
person 221 157 262 296
person 253 143 285 289
person 155 138 211 306
;
test/medium/2009_001794.jpg
boat 23 104 171 307
boat 234 109 368 331
boat 232 59 392 100
person 355 49 375 87
boat 1 135 40 209
boat 461 120 500 254
person 464 118 487 144
boat 368 120 483 360
person 366 192 412 258
person 439 205 487 268
person 435 155 470 205
person 440 181 479 229
person 364 179 405 228
person 363 168 395 212
;
test/medium/2008_003025.jpg
train 397 199 500 228
person 306 244 324 287
person 280 254 292 285
person 265 251 276 284
person 164 246 181 286
person 1 233 31 345
person 486 239 500 298
person 255 248 267 276
person 60 244 69 275
person 198 248 207 269
person 189 243 199 269
person 221 245 231 267
person 120 243 130 267
person 51 244 62 277
person 41 243 50 266
;
test/medium/2010_002546.jpg
bus 365 102 500 314
bus 67 102 340 293
car 334 163 367 210
person 348 225 375 303
boat 59 50 173 74
boat 27 48 77 60
;
test/medium/2010_004942.jpg
diningtable 177 218 500 375
person 197 21 369 264
person 367 121 466 233
person 23 211 141 345
car 24 67 51 151
bottle 461 166 494 241
chair 18 277 195 375
;
test/medium/2011_001826.jpg
bus 329 85 496 208
car 158 168 377 264
person 275 143 322 259
person 325 150 352 262
person 167 140 185 188
person 218 143 232 178
person 190 142 207 186
person 53 147 65 186
;
test/medium/2011_000332.jpg
sheep 204 126 356 214
sheep 376 182 428 233
sheep 170 144 218 199
sheep 138 186 205 237
sheep 221 182 334 235
motorbike 155 99 383 313
motorbike 321 111 480 259
bottle 154 105 170 145
person 154 6 316 163
person 325 41 434 161
;
test/medium/2010_001850.jpg
dog 112 172 210 282
dog 67 191 150 318
person 398 10 500 375
car 3 84 367 375
car 248 133 410 250
car 365 131 414 170
;
test/medium/2010_002462.jpg
diningtable 167 234 448 330
person 200 137 248 242
person 149 141 256 332
person 29 148 197 375
person 1 104 162 325
person 318 142 351 187
person 343 146 406 245
person 374 131 415 189
person 389 108 500 348
pottedplant 162 1 297 216
bottle 309 200 327 253
;
test/medium/2010_000386.jpg
sofa 25 137 446 309
chair 391 122 454 272
chair 326 137 441 267
tvmonitor 158 65 218 117
bottle 327 132 426 180
person 104 87 500 333
person 173 92 350 222
;
test/medium/2009_001083.jpg
person 129 127 162 163
car 319 163 361 214
car 347 169 379 213
bus 27 124 92 202
bus 381 112 500 216
bus 92 72 320 294
;
test/medium/2009_004040.jpg
bus 426 116 500 203
bus 350 116 439 197
bus 280 115 362 188
bus 1 34 22 266
bus 23 122 33 204
bus 42 129 59 192
bus 59 36 441 327
person 214 107 264 188
;
test/medium/2010_003084.jpg
chair 117 184 148 262
chair 355 207 395 266
person 420 122 473 204
person 355 113 450 268
diningtable 441 197 500 235
person 148 24 339 267
diningtable 1 263 500 375
;
test/medium/2010_003248.jpg
chair 459 258 500 327
person 237 127 468 359
person 1 140 233 363
diningtable 191 205 278 288
person 1 127 82 222
person 77 132 127 178
person 2 89 20 121
person 177 93 201 124
;
test/medium/2009_002940.jpg
bottle 112 112 184 332
bottle 184 105 246 313
bottle 240 96 302 296
bottle 294 78 342 265
bottle 320 88 405 274
bottle 92 85 146 296
bottle 158 75 211 152
bottle 223 71 266 135
bottle 341 67 388 114
bottle 1 1 22 158
bottle 12 1 93 149
bottle 15 146 85 276
bottle 1 161 24 288
bottle 1 299 27 375
bottle 19 274 84 375
bottle 121 332 176 375
bottle 179 324 233 375
bottle 235 317 282 375
bottle 286 299 330 375
bottle 321 291 375 375
bottle 371 275 417 375
;
test/medium/2011_002694.jpg
horse 80 133 307 280
person 243 86 301 170
person 1 127 70 375
person 361 137 383 160
person 337 135 365 158
person 51 133 63 172
horse 67 149 224 250
person 171 143 181 157
;
test/medium/2008_007990.jpg
person 47 63 166 300
person 157 73 253 300
person 225 110 324 300
tvmonitor 1 127 35 210
pottedplant 293 103 354 171
person 346 152 394 207
;
test/medium/2009_000577.jpg
sofa 173 129 419 230
dog 289 172 355 210
person 236 183 420 367
chair 172 295 418 375
chair 1 302 141 375
dog 41 216 150 329
person 222 118 292 215
bottle 227 186 242 216
chair 137 117 183 216
person 1 207 60 316
;
test/medium/2009_001677.jpg
car 1 52 28 84
car 15 51 69 85
car 59 45 132 89
car 114 30 169 77
person 123 36 136 85
person 134 37 153 85
car 164 36 208 63
car 207 36 229 59
car 222 29 255 61
car 291 37 349 71
car 339 38 426 76
car 416 29 500 79
motorbike 80 103 390 358
person 180 16 335 348
;
test/medium/2008_003764.jpg
person 119 79 328 375
person 241 101 404 375
car 437 166 500 207
car 367 163 442 207
car 338 167 378 204
car 71 156 165 222
car 1 185 37 214
car 40 174 62 195
;
test/medium/2008_007922.jpg
chair 177 228 327 375
chair 282 213 398 367
chair 1 252 109 375
chair 345 175 424 283
chair 54 169 118 290
chair 122 181 183 231
chair 203 172 256 218
chair 251 160 302 214
diningtable 71 200 412 375
;
test/medium/2010_005986.jpg
sheep 16 95 103 158
sheep 183 88 243 130
sheep 154 109 223 150
sheep 228 136 324 292
sheep 122 150 217 246
sheep 167 163 234 258
;
test/medium/2009_002970.jpg
tvmonitor 179 70 234 143
tvmonitor 150 170 227 251
tvmonitor 98 226 142 273
tvmonitor 84 297 135 333
tvmonitor 259 291 317 333
tvmonitor 137 278 180 329
tvmonitor 301 293 412 333
tvmonitor 385 22 486 112
tvmonitor 378 233 471 312
tvmonitor 469 233 500 316
;
test/medium/2011_002135.jpg
bicycle 35 274 466 500
car 1 2 188 103
car 128 1 355 80
bottle 237 389 294 464
person 50 40 425 500
person 324 1 390 86
bicycle 161 1 253 41
person 432 1 466 84
car 354 1 444 74
;
test/medium/2008_000689.jpg
motorbike 29 145 419 329
person 127 71 323 240
person 25 15 104 88
person 84 1 168 73
person 168 1 265 72
person 267 1 347 89
person 310 1 385 84
person 366 6 483 92
;
test/medium/2010_005518.jpg
car 109 113 380 296
person 79 86 113 160
person 119 92 152 154
person 130 91 145 144
car 1 109 86 140
car 187 104 252 119
;
test/medium/2008_005732.jpg
person 87 57 215 375
tvmonitor 1 114 54 172
tvmonitor 455 98 500 138
person 267 56 303 149
person 95 83 135 153
person 48 95 71 153
person 63 87 88 154
person 84 87 107 154
;
test/medium/2008_005054.jpg
car 324 108 442 196
car 127 114 216 203
car 35 128 111 221
car 1 124 23 242
car 232 105 342 203
car 389 82 500 184
;
test/medium/2008_005677.jpg
person 252 167 400 264
person 295 67 400 196
person 226 66 334 186
person 1 134 139 264
person 1 84 84 231
person 82 38 211 145
bottle 229 100 242 145
bottle 220 105 235 152
bottle 207 89 222 152
person 125 105 240 264
;
test/medium/2011_001058.jpg
tvmonitor 186 35 214 59
tvmonitor 96 75 112 92
tvmonitor 18 87 38 103
person 1 90 210 333
person 278 56 423 275
person 409 24 500 321
bottle 212 256 254 333
diningtable 42 248 500 333
;
test/medium/2008_008707.jpg
bicycle 1 184 65 265
bicycle 64 178 173 258
bicycle 163 182 268 257
bicycle 293 182 370 254
bicycle 369 184 455 252
bicycle 474 183 500 250
;
test/medium/2008_006151.jpg
person 1 162 108 360
chair 80 93 196 260
chair 76 125 194 309
chair 175 133 313 333
chair 302 117 426 302
diningtable 68 111 399 330
;
test/medium/2009_002612.jpg
sofa 217 202 434 362
sofa 1 408 163 500
diningtable 74 213 178 325
chair 162 198 229 327
chair 44 206 141 328
chair 110 190 175 305
chair 46 193 129 309
;
test/medium/2008_002997.jpg
person 349 74 500 375
person 237 111 352 375
person 124 86 258 375
person 7 90 159 375
car 1 156 77 222
person 1 144 14 167
;
test/medium/2008_007531.jpg
horse 233 251 301 289
horse 192 249 238 288
horse 152 250 215 291
horse 65 249 130 291
horse 1 248 49 291
horse 11 250 58 289
person 262 247 282 267
person 203 249 222 270
person 181 247 201 268
person 93 248 114 268
person 10 246 32 267
person 24 246 40 258
;
test/medium/2008_008275.jpg
train 29 120 216 233
person 6 168 25 224
train 317 109 500 215
person 446 170 481 227
person 215 162 232 202
person 256 158 271 205
person 267 169 283 208
person 286 154 309 215
person 281 164 293 205
;
test/medium/2010_000327.jpg
sheep 1 235 21 301
sheep 95 240 137 285
sheep 284 272 339 330
sheep 329 277 361 328
sheep 349 266 397 322
sheep 430 315 499 371
sheep 383 285 425 323
sheep 419 255 462 313
sheep 378 246 439 288
dog 241 186 312 253
;
test/medium/2008_007786.jpg
person 329 267 339 295
person 354 265 363 286
person 360 264 367 285
person 364 261 374 283
person 294 262 308 279
person 86 261 99 281
car 349 258 500 326
car 450 298 500 342
car 234 276 369 330
car 1 238 76 347
car 63 267 101 287
car 1 258 336 375
;
test/medium/2009_000343.jpg
person 396 100 434 196
person 365 106 395 194
person 391 99 406 118
motorbike 289 131 352 194
motorbike 259 147 325 239
motorbike 186 140 271 224
person 187 116 236 154
motorbike 3 138 154 339
;
test/medium/2007_007048.jpg
sheep 227 55 500 324
sheep 82 56 245 257
bottle 76 42 129 151
person 431 1 484 62
person 311 1 427 71
person 114 1 240 59
person 1 1 132 329
;
test/medium/2011_001412.jpg
pottedplant 114 33 219 118
sofa 1 107 182 220
chair 125 113 225 258
chair 308 128 402 248
chair 330 102 442 293
chair 413 107 500 276
diningtable 223 104 500 297
;
test/medium/2008_008053.jpg
aeroplane 61 188 89 207
aeroplane 121 204 146 218
aeroplane 169 186 198 200
aeroplane 181 215 205 226
aeroplane 240 207 266 219
aeroplane 246 222 264 233
aeroplane 310 202 331 215
aeroplane 312 174 339 189
aeroplane 355 182 380 196
aeroplane 406 166 433 183
;
test/medium/2010_004665.jpg
sofa 1 285 238 500
bottle 198 193 247 272
bottle 207 420 252 500
bottle 133 427 196 500
person 1 307 222 428
person 197 46 329 467
;
test/medium/2007_009458.jpg
bottle 2 20 111 98
bottle 113 13 202 110
bottle 202 24 290 113
bottle 288 40 364 107
bottle 338 14 402 66
bottle 380 52 465 103
bottle 397 5 473 65
;
test/medium/2008_001737.jpg
person 248 69 500 333
person 1 69 224 333
chair 129 114 221 333
chair 156 142 500 333
bottle 335 246 364 305
bottle 449 260 493 314
;
test/medium/2008_003076.jpg
person 1 137 153 375
person 311 63 481 375
bottle 314 164 350 238
bottle 411 1 435 53
bottle 370 3 389 51
bottle 385 8 413 54
;
test/medium/2009_004140.jpg
sofa 398 169 500 251
chair 189 167 251 237
chair 99 180 211 327
chair 305 185 390 340
diningtable 106 234 427 375
chair 60 206 248 375
chair 285 218 500 375
;
test/medium/2008_006663.jpg
diningtable 1 300 500 375
person 77 14 255 338
person 212 58 485 332
person 1 91 82 227
bottle 64 134 82 184
bottle 83 152 98 188
;
test/medium/2008_001351.jpg
person 27 1 199 159
person 207 1 340 259
person 292 52 360 267
bird 27 166 391 486
bird 56 204 315 439
person 404 1 493 121
person 354 19 471 422
person 63 69 199 420
;
test/medium/2011_002236.jpg
motorbike 223 192 497 335
person 21 73 252 325
person 129 68 241 290
person 231 93 282 282
person 399 165 478 254
bottle 370 196 392 232
bottle 1 183 22 231
;
test/medium/2008_007591.jpg
bottle 488 1 500 88
bottle 446 1 489 86
bottle 413 1 447 81
bottle 378 1 416 79
bottle 346 1 379 82
bottle 312 1 348 78
bottle 290 1 321 78
bottle 271 1 291 76
bottle 156 14 167 52
person 78 1 118 54
person 166 1 190 50
diningtable 1 88 500 375
;
test/medium/2008_004729.jpg
car 331 133 500 247
car 1 148 73 231
car 1 135 69 182
motorbike 380 172 482 255
motorbike 297 135 376 246
person 399 139 456 254
person 301 137 345 189
person 214 161 230 177
person 162 154 188 183
car 57 91 344 253
;
test/medium/2008_002349.jpg
bird 7 133 224 312
bird 360 130 495 314
bird 198 202 257 273
bird 186 129 235 172
bird 54 63 123 93
bird 200 9 237 33
bird 50 17 87 35
;
test/medium/2011_003049.jpg
chair 111 148 186 304
diningtable 2 172 247 320
chair 160 162 262 320
chair 12 180 146 320
chair 1 154 30 193
sofa 134 152 358 270
chair 358 116 477 217
sofa 140 126 226 158
;
test/medium/2008_007246.jpg
tvmonitor 35 191 149 274
tvmonitor 242 179 346 264
tvmonitor 188 161 250 219
tvmonitor 63 166 130 200
tvmonitor 67 155 115 171
tvmonitor 69 144 106 159
tvmonitor 128 139 165 172
tvmonitor 157 152 202 192
tvmonitor 259 142 294 170
tvmonitor 306 145 353 180
tvmonitor 367 150 435 195
tvmonitor 429 140 473 170
tvmonitor 443 148 500 189
tvmonitor 311 142 350 151
tvmonitor 362 138 399 164
chair 20 266 153 333
chair 259 249 367 333
chair 397 182 472 296
tvmonitor 260 124 292 148
tvmonitor 283 129 315 152
;
test/medium/2008_003844.jpg
motorbike 269 108 345 197
car 437 102 500 196
car 114 107 288 190
car 13 120 173 189
car 331 119 385 155
car 1 134 43 154
person 95 138 245 299
;
test/medium/2009_002471.jpg
person 306 82 447 247
person 15 96 187 375
chair 1 248 169 375
chair 184 291 316 375
chair 1 201 32 249
chair 123 165 171 193
chair 183 144 226 203
chair 421 143 447 168
chair 301 133 332 153
diningtable 171 141 499 301
chair 171 142 241 195
diningtable 1 173 433 375
person 212 87 327 220
;
test/medium/2011_002661.jpg
boat 1 1 375 499
person 180 371 207 433
person 156 368 178 439
person 89 374 115 434
person 164 368 179 403
person 190 369 206 406
;
test/medium/2010_005901.jpg
chair 92 209 128 241
chair 126 213 169 249
chair 187 223 234 259
chair 240 225 307 272
chair 319 236 402 294
chair 1 323 69 375
chair 408 299 486 375
diningtable 1 233 419 375
;
test/medium/2011_001286.jpg
car 349 80 500 233
car 9 55 44 76
car 45 57 80 76
motorbike 14 143 424 355
person 163 49 210 150
car 61 65 285 147
person 258 62 393 355
;
test/medium/2010_003129.jpg
car 30 227 58 238
car 1 223 38 271
car 6 234 83 295
car 68 229 108 249
car 135 231 228 280
car 42 241 189 333
car 258 193 500 288
car 164 236 500 375
train 9 157 486 265
;
test/medium/2011_002927.jpg
bottle 342 192 355 223
chair 234 233 340 356
chair 211 221 276 357
chair 108 200 159 238
diningtable 73 227 355 357
chair 89 255 200 357
chair 69 237 93 357
pottedplant 8 51 90 99
;
test/medium/2008_003580.jpg
bird 181 37 361 375
bird 338 24 442 59
bird 32 199 191 356
bird 1 288 50 358
bird 164 125 183 149
bird 302 89 332 107
;
test/medium/2009_002983.jpg
person 146 196 226 375
person 48 186 136 366
bicycle 11 263 171 366
bicycle 95 177 162 256
person 100 123 160 240
person 153 60 174 89
bicycle 146 74 180 93
person 100 62 121 94
bicycle 93 75 132 97
;
test/medium/2011_002185.jpg
bottle 271 117 298 179
diningtable 1 190 375 500
bottle 42 95 95 200
bottle 175 107 206 213
bottle 104 93 134 192
bottle 146 105 176 206
bottle 122 92 142 185
bottle 84 97 114 175
bottle 139 97 154 186
bottle 165 86 202 145
bottle 130 81 163 129
bottle 230 133 250 171
bottle 250 137 265 173
;
test/medium/2008_001389.jpg
boat 39 73 290 428
boat 53 385 73 392
boat 1 385 28 395
boat 289 371 315 392
boat 221 299 255 398
boat 22 397 108 414
person 123 391 134 409
person 132 393 143 407
person 145 394 160 407
boat 321 390 333 398
person 58 389 67 407
;
test/medium/2011_001176.jpg
boat 280 209 411 252
boat 45 226 175 254
boat 403 129 483 150
boat 313 134 404 163
boat 227 141 336 174
boat 243 119 299 132
boat 1 302 82 333
boat 1 280 46 300
boat 114 168 218 197
boat 144 175 234 194
boat 218 166 303 189
boat 130 158 229 181
boat 296 112 356 127
boat 348 109 399 122
boat 384 103 435 118
boat 1 186 55 202
;
test/medium/2009_002118.jpg
cow 298 189 500 360
cow 179 197 332 316
cow 110 188 337 335
cow 33 215 198 327
cow 54 208 126 253
cow 12 226 59 310
cow 1 221 14 305
;
test/medium/2008_008364.jpg
train 48 47 446 165
person 305 104 338 156
person 320 117 338 157
person 420 106 427 119
person 428 104 436 121
person 58 81 74 105
person 112 83 128 105
person 490 103 500 145
;
test/medium/2008_003819.jpg
bicycle 293 186 422 261
bicycle 146 187 242 254
bicycle 65 187 137 244
bicycle 1 189 48 242
person 322 134 394 245
person 160 143 216 248
person 74 155 115 236
person 1 158 30 218
person 459 134 487 203
person 430 144 451 201
person 416 132 434 196
person 392 135 414 198
person 369 152 390 191
person 307 143 322 202
person 298 161 310 202
person 221 143 243 196
person 122 143 136 188
person 108 143 120 163
person 105 153 122 192
person 58 154 69 197
person 47 154 59 197
person 490 132 500 192
;
test/medium/2011_001009.jpg
pottedplant 424 79 498 257
chair 176 236 388 374
chair 307 187 440 375
chair 399 151 456 328
chair 1 195 34 362
chair 137 125 165 160
diningtable 1 134 352 375
person 190 101 405 342
person 323 70 459 222
person 249 58 346 146
person 158 72 232 159
person 74 92 154 186
person 1 88 119 358
;
test/medium/2010_002605.jpg
diningtable 33 185 362 454
chair 117 44 335 346
chair 272 176 375 433
chair 31 200 177 449
pottedplant 281 100 375 196
chair 96 246 165 395
;
test/medium/2011_002940.jpg
bottle 216 208 244 299
bottle 243 170 260 232
diningtable 107 198 386 375
person 372 113 500 375
person 332 92 453 353
person 81 120 199 267
person 2 116 149 375
bottle 222 171 239 229
person 238 48 284 107
;
test/medium/2007_009550.jpg
chair 24 320 87 412
chair 1 327 44 419
chair 217 298 255 366
chair 240 314 297 395
chair 314 362 375 496
chair 280 351 352 458
chair 299 316 352 346
chair 351 305 375 340
chair 261 299 303 318
diningtable 298 331 373 361
;
test/medium/2008_000275.jpg
person 167 187 192 274
person 184 190 202 272
person 197 187 231 280
person 224 187 246 228
person 250 203 272 271
person 322 199 342 269
pottedplant 474 15 500 41
pottedplant 441 16 472 37
;
test/medium/2008_001333.jpg
sofa 86 1 375 201
person 1 30 367 500
person 176 183 297 308
chair 1 91 373 500
bottle 257 123 275 176
bottle 235 133 253 182
chair 198 374 375 500
;
test/medium/2009_002523.jpg
chair 318 217 451 366
chair 252 199 279 265
chair 231 190 292 276
chair 142 193 184 211
sofa 63 208 283 375
chair 101 169 134 214
;
test/medium/2011_003114.jpg
bus 121 63 378 316
person 401 149 435 264
person 451 154 483 264
person 474 125 500 300
person 425 164 451 260
person 388 164 413 252
person 366 159 386 248
person 326 128 350 152
car 373 172 402 234
person 187 137 204 154
person 228 129 245 150
person 202 132 223 154
;
test/medium/2008_005612.jpg
car 10 180 159 244
car 141 193 217 249
person 330 162 480 375
person 333 172 397 375
person 249 170 307 375
person 203 178 258 375
person 289 187 325 317
person 320 182 350 285
person 162 249 191 324
person 180 258 225 310
;
test/medium/2008_007134.jpg
bottle 86 455 130 500
bottle 146 463 178 500
bottle 202 465 235 500
bottle 254 327 310 493
bottle 78 175 142 357
bottle 139 172 193 359
bottle 196 174 250 364
bottle 258 174 312 361
bottle 83 321 141 482
bottle 141 324 195 485
bottle 80 17 140 221
bottle 141 14 195 224
bottle 198 12 253 222
bottle 259 9 314 221
;
test/medium/2008_003278.jpg
person 46 110 67 150
person 1 79 46 375
person 385 157 500 375
person 183 42 305 375
person 274 69 380 375
person 36 49 200 375
person 371 174 429 260
diningtable 365 154 500 230
;
test/medium/2008_004372.jpg
chair 232 105 276 172
chair 1 213 44 267
chair 372 205 400 267
person 230 96 377 267
person 35 102 169 267
person 147 67 260 183
bottle 143 196 168 253
bottle 157 154 172 191
bottle 166 148 178 180
diningtable 103 167 280 267
;
test/medium/2008_005399.jpg
bottle 134 198 160 287
bottle 164 192 185 281
bottle 177 198 203 277
bottle 191 184 212 270
bottle 204 183 227 258
bottle 222 195 242 250
bottle 233 179 267 249
person 3 111 168 352
person 125 7 262 230
;
test/medium/2008_002736.jpg
person 80 107 285 375
person 222 131 390 316
person 370 118 500 323
bottle 381 244 416 361
bottle 323 236 351 326
diningtable 212 312 500 375
person 1 164 64 375
;
test/medium/2011_005619.jpg
person 66 117 133 323
person 109 102 179 305
person 191 101 247 300
person 236 85 300 289
person 294 123 351 291
person 332 107 404 284
;
test/medium/2008_002567.jpg
diningtable 163 191 478 375
person 58 134 316 375
person 154 110 189 165
person 370 128 500 361
person 310 118 425 239
person 308 105 373 224
person 170 89 265 195
bottle 247 166 270 225
chair 19 260 56 375
chair 53 275 72 331
chair 68 199 91 245
chair 168 266 204 320
chair 472 253 500 375
person 1 213 33 375
;
test/medium/2008_001837.jpg
person 360 44 479 305
bottle 364 195 397 328
person 1 163 165 333
person 217 148 423 326
person 113 15 262 326
person 63 109 96 229
chair 54 224 157 326
chair 190 222 238 326
;
test/medium/2008_004574.jpg
person 173 90 237 325
bicycle 104 1 223 97
bicycle 174 2 287 99
car 1 104 53 302
car 13 103 305 283
person 242 101 342 320
bicycle 190 284 472 375
person 119 80 194 307
;
test/medium/2010_004844.jpg
person 172 305 204 371
bus 286 249 500 365
motorbike 90 325 178 372
car 181 317 283 358
person 24 306 41 340
person 121 309 151 368
person 139 306 174 363
person 173 309 205 370
motorbike 182 332 215 365
person 194 308 206 331
pottedplant 367 217 375 227
person 449 149 465 160
;
test/medium/2009_004514.jpg
diningtable 105 222 372 375
chair 230 253 315 375
chair 49 247 174 375
person 352 160 480 375
person 339 165 406 237
person 281 153 345 228
person 197 161 257 225
person 104 169 180 230
person 39 172 140 363
chair 81 132 123 188
chair 74 178 107 223
chair 24 289 81 375
chair 1 200 37 281
person 1 208 45 375
pottedplant 314 75 435 206
pottedplant 34 130 51 156
;
test/medium/2011_003066.jpg
bottle 218 255 263 348
chair 1 104 91 216
chair 48 100 112 188
chair 286 75 328 128
chair 316 82 394 182
chair 316 92 387 201
chair 475 89 496 126
chair 89 196 142 261
chair 160 170 193 238
person 38 34 153 180
person 163 28 232 96
person 130 44 232 208
diningtable 70 86 183 206
diningtable 350 77 493 165
person 306 32 369 163
person 1 133 164 375
person 178 65 318 237
person 374 65 500 244
diningtable 100 212 500 375
;
test/medium/2008_006635.jpg
bus 180 108 376 250
person 465 164 479 205
person 447 168 465 204
person 10 165 30 216
car 1 164 40 201
car 76 180 98 200
car 157 169 168 179
;
test/medium/2011_002956.jpg
bus 69 82 399 343
bus 1 221 32 276
car 366 232 500 365
car 1 263 22 311
car 50 264 82 275
person 282 226 309 259
person 284 229 317 292
car 404 252 500 281
;
test/medium/2011_001081.jpg
aeroplane 1 10 487 320
aeroplane 310 86 343 99
aeroplane 343 90 369 96
aeroplane 369 90 386 97
aeroplane 385 89 407 98
aeroplane 409 93 420 97
aeroplane 417 90 441 98
;
test/medium/2008_002047.jpg
person 229 89 500 375
person 43 127 288 375
motorbike 88 204 128 232
person 97 186 118 226
person 440 194 474 276
person 406 183 441 274
person 47 187 58 219
person 62 187 76 217
person 472 190 495 265
person 437 190 451 263
person 450 196 500 325
;
test/medium/2010_002639.jpg
chair 210 120 269 163
chair 71 144 144 172
chair 18 174 123 315
chair 10 236 155 375
chair 253 151 311 196
chair 357 174 435 243
chair 312 279 485 375
diningtable 47 160 462 375
;
test/medium/2011_000072.jpg
pottedplant 274 221 500 375
chair 254 117 336 215
tvmonitor 354 41 421 107
person 289 79 370 173
person 180 113 248 270
person 180 77 252 166
person 93 145 200 294
sofa 62 81 187 375
;
test/medium/2011_000530.jpg
pottedplant 1 171 52 302
sofa 1 235 279 375
pottedplant 370 161 410 239
pottedplant 259 150 294 182
chair 341 173 375 267
diningtable 224 176 364 214
;
test/medium/2010_005063.jpg
bus 404 147 500 221
bus 358 141 405 216
bus 223 136 363 224
bus 180 147 231 209
bus 86 139 182 226
bus 1 142 82 232
;
test/medium/2009_002169.jpg
chair 318 46 370 130
chair 15 45 68 135
chair 1 91 34 207
chair 39 333 351 500
chair 142 21 236 45
diningtable 1 43 375 322
;
test/medium/2008_000383.jpg
person 354 159 500 375
person 332 194 409 372
person 246 159 336 375
person 173 107 261 375
person 72 142 184 375
person 1 133 90 375
tvmonitor 8 66 106 146
;
test/medium/2008_005010.jpg
cow 1 142 37 217
cow 1 131 38 142
cow 378 75 500 104
cow 366 82 499 189
cow 376 113 451 192
cow 336 77 371 101
cow 86 191 331 364
cow 36 61 354 375
;
test/medium/2009_001011.jpg
person 89 48 232 211
bottle 187 110 225 235
bottle 106 77 144 270
bottle 59 74 107 273
bottle 4 92 52 268
diningtable 2 209 373 500
;
test/medium/2008_004546.jpg
horse 117 202 171 323
horse 1 155 40 257
horse 102 384 159 500
horse 185 106 241 224
horse 255 147 322 269
person 109 357 163 459
person 122 173 166 250
person 198 90 236 140
person 271 124 306 191
person 2 123 42 189
;
test/medium/2008_001781.jpg
tvmonitor 336 150 416 218
pottedplant 330 95 414 161
pottedplant 230 153 264 181
pottedplant 195 96 237 180
pottedplant 32 160 112 208
sofa 1 202 123 312
;
test/medium/2008_001801.jpg
aeroplane 1 119 389 234
aeroplane 317 145 500 206
person 472 198 489 241
person 481 198 495 235
person 438 192 447 217
person 448 194 456 217
;
test/medium/2008_008319.jpg
sheep 355 180 500 352
sheep 224 166 417 277
person 129 116 197 305
person 38 88 94 241
person 10 63 61 210
person 105 120 138 223
;
test/medium/2008_006961.jpg
car 9 137 357 374
boat 339 1 437 52
boat 265 33 341 78
car 265 187 473 321
car 373 204 483 243
boat 116 1 500 230
;
test/medium/2009_000169.jpg
horse 12 54 459 316
person 1 228 55 319
person 383 103 419 188
person 399 40 443 177
person 404 1 446 62
horse 332 36 480 150
car 239 53 315 79
car 167 60 218 75
;
test/medium/2011_000875.jpg
pottedplant 9 10 114 98
pottedplant 107 160 214 207
pottedplant 284 166 375 207
bottle 489 183 500 238
bottle 467 201 490 235
chair 273 202 343 274
chair 173 231 226 375
diningtable 204 270 499 374
chair 203 276 244 375
bottle 484 210 499 236
;
test/medium/2008_000803.jpg
motorbike 432 11 461 64
person 386 54 430 219
person 293 41 345 208
person 319 46 366 205
person 196 28 258 182
person 85 7 136 184
person 41 3 95 155
person 420 78 471 229
bicycle 55 79 90 181
bicycle 164 87 264 177
bicycle 373 115 411 224
bicycle 277 93 332 208
person 433 2 463 63
;
test/medium/2008_007346.jpg
person 82 142 88 154
person 280 185 297 205
person 267 184 280 204
person 255 183 269 204
person 243 184 257 203
boat 208 199 344 212
car 410 117 456 132
car 71 142 109 153
;
test/medium/2010_003127.jpg
aeroplane 13 133 227 208
aeroplane 299 167 403 205
aeroplane 398 165 495 201
aeroplane 395 164 445 198
aeroplane 242 169 321 203
aeroplane 225 171 253 194
;
test/medium/2008_006087.jpg
person 281 162 340 335
person 225 221 262 347
person 379 200 410 310
person 398 165 438 301
person 428 180 457 303
person 120 133 163 255
person 158 179 212 332
horse 44 175 269 355
horse 341 172 399 297
car 424 170 453 187
car 387 168 413 188
car 354 172 381 189
car 319 167 356 187
car 327 161 355 174
car 264 163 302 178
;
test/medium/2008_005111.jpg
dog 230 369 336 464
chair 302 161 374 284
chair 202 147 300 262
chair 203 112 268 189
pottedplant 76 124 107 197
pottedplant 93 72 125 229
person 106 13 208 367
chair 1 109 34 207
;
test/medium/2009_002098.jpg
diningtable 285 202 342 262
chair 264 203 300 261
chair 325 206 358 264
chair 264 198 297 246
diningtable 99 196 222 245
chair 159 204 200 255
chair 120 200 156 242
chair 194 193 219 246
chair 150 193 174 202
chair 114 191 135 197
person 350 177 379 205
chair 334 177 373 201
;
test/medium/2011_001822.jpg
sheep 340 258 392 291
sheep 480 282 500 302
sheep 262 240 296 275
sheep 244 244 276 275
sheep 204 236 234 267
sheep 186 234 213 261
sheep 165 229 188 257
sheep 122 228 148 245
;
test/medium/2009_005183.jpg
person 79 68 122 163
person 110 60 183 341
person 173 64 201 132
person 26 86 45 122
person 238 63 265 97
person 470 71 489 97
bottle 327 236 349 285
chair 241 164 304 205
chair 180 159 233 207
;
test/medium/2008_007692.jpg
chair 450 144 475 167
chair 453 150 469 168
chair 462 163 500 257
chair 400 163 424 197
chair 435 182 486 280
chair 475 205 500 222
chair 368 195 453 316
chair 375 234 489 375
chair 323 191 388 324
chair 327 222 395 350
chair 380 239 500 375
chair 355 328 385 375
chair 202 366 290 375
chair 11 366 65 375
diningtable 461 152 500 225
diningtable 416 167 500 264
diningtable 332 202 479 350
diningtable 63 269 303 375
person 213 160 354 375
chair 336 245 348 275
person 203 69 267 220
;
test/medium/2007_001857.jpg
car 1 11 500 374
person 397 1 479 127
person 328 1 413 122
person 226 1 327 117
person 168 3 236 104
person 86 1 145 45
person 132 32 173 67
;
test/medium/2011_000622.jpg
bottle 2 173 38 368
bottle 21 49 82 354
bottle 81 263 131 391
bottle 91 2 158 336
bottle 119 98 238 385
diningtable 4 312 373 500
;
test/medium/2007_001284.jpg
person 135 123 235 375
person 238 115 376 304
person 276 117 426 360
person 301 114 500 375
person 1 114 126 375
person 419 90 448 139
;
test/medium/2008_005214.jpg
pottedplant 1 218 43 312
pottedplant 65 268 104 311
pottedplant 113 273 145 311
pottedplant 154 281 186 310
pottedplant 193 281 220 310
pottedplant 236 283 269 310
pottedplant 284 271 317 310
pottedplant 375 259 411 310
pottedplant 403 279 444 311
pottedplant 451 281 476 309
;
test/medium/2010_005967.jpg
chair 227 214 444 375
bottle 458 349 486 375
person 1 143 192 375
person 2 49 173 374
person 151 83 217 362
person 203 149 255 307
person 209 129 330 375
person 242 248 356 375
person 320 92 409 313
person 384 88 480 348
person 243 78 296 193
person 150 72 182 144
;
test/medium/2008_003825.jpg
tvmonitor 1 345 269 417
person 23 60 184 314
person 172 297 241 351
person 272 12 404 416
person 350 24 422 414
person 371 1 500 416
person 81 360 148 417
;
test/medium/2010_004782.jpg
person 139 28 438 375
person 39 141 249 375
car 1 71 50 156
car 159 52 192 86
car 119 60 147 84
car 67 58 107 81
car 192 63 209 84
car 1 53 21 73
;
test/medium/2008_001985.jpg
aeroplane 187 102 222 114
aeroplane 190 111 225 121
aeroplane 195 119 226 126
aeroplane 154 111 190 122
aeroplane 157 123 193 131
aeroplane 119 125 158 134
;
test/medium/2008_001838.jpg
person 22 107 500 375
person 297 140 500 328
person 297 71 390 199
person 398 67 483 250
person 254 126 278 183
person 283 136 316 191
person 472 107 500 194
sofa 1 165 500 375
;
test/medium/2008_008480.jpg
bicycle 111 195 139 222
person 130 188 150 220
person 249 184 262 217
person 324 196 335 210
car 472 191 500 231
car 460 196 472 205
person 239 193 251 217
person 362 194 371 208
car 493 200 500 250
;
test/medium/2010_005512.jpg
chair 288 67 399 219
bottle 52 229 121 350
bottle 60 158 92 233
bottle 242 118 276 210
bottle 274 232 306 311
bottle 1 75 25 159
person 316 186 500 375
person 8 102 320 375
;
